=========100B========
356658503
356658503
354248648
354248648
354248648
=========512B========
354248648
354248648
354248648
351871140
354248648
=========1kB========
366634965
369216901
371835460
369216901
366634965
=========8KB========
416101587
412825196
412825196
409600000
419430400
=========64KB========
455902608
451972413
451972413
451972413
451972413
=========256KB========
451972413
455902608
451972413
455902608
451972413
=========512KB========
444311864
448109401
444311864
436906666
444311864
=========1MB========
436906666
440578151
440578151
436906666
440578151
=========2MB========
436906666
436906666
429744262
433295867
433295867
=========3MB========
440578151
444311864
444311864
436906666
444311864
