=========100B========
37315871.886121
37718561.15107913
37882080.92485549
37772910.662824206
37909472.16196674
=========512B========
102600391.38943249
102200389.86354776
102200389.86354776
101803495.14563107
102600391.38943249
=========1kB========
127875121.95121951
128817690.41769041
127875121.95121951
128501960.78431372
127875121.95121951
=========8KB========
164353605.015674
165390536.27760252
163840000.0
163329595.01557633
165390536.27760252
=========64KB========
178937883.95904437
179550684.93150684
180167697.5945017
175347157.19063544
176527946.12794614
=========256KB========
177724745.76271185
177124324.3243243
181414532.87197232
180788965.5172414
180167697.5945017
=========512KB========
178937883.95904437
178937883.95904437
177124324.3243243
178329251.7006803
178329251.7006803
=========1MB========
179550684.93150684
180167697.5945017
180167697.5945017
178937883.95904437
180167697.5945017
=========2MB========
180788965.5172414
180788965.5172414
180788965.5172414
180788965.5172414
180167697.5945017
=========3MB========
180167697.5945017
180788965.5172414
179550684.93150684
180788965.5172414
180167697.5945017


=========100B========
73326993.00699301
72017582.41758242
71722024.623803
67912953.36787565
68355671.44719687
=========512B========
132062468.51385391
137608398.95013124
124830476.1904762
136533333.33333334
137248167.539267
=========1kB========
116250110.864745
125728537.17026378
153750146.62756598
153750146.62756598
153300584.79532164
=========8KB========
166970700.63694268
171335947.7124183
137970526.31578946
173605298.01324505
172463157.89473686
=========64KB========
177724745.76271185
175935570.46979865
124238862.55924171
117817528.08988763
177124324.3243243
=========256KB========
176527946.12794614
175935570.46979865
171897704.9180328
147271910.11235955
146449162.0111732
=========512KB========
163329595.01557633
155575074.18397626
168581350.48231512
174762666.66666666
177124324.3243243
=========1MB========
177124324.3243243
177724745.76271185
165913924.05063292
177724745.76271185
177724745.76271185
=========2MB========
176527946.12794614
176527946.12794614
177124324.3243243
176527946.12794614
176527946.12794614
=========3MB========
176527946.12794614
176527946.12794614
153300584.79532164
175347157.19063544
174182059.80066445
