=========100B========
160824539
159843902
160824539
157443843
159843902
=========512B========
164353605
165390536
165913924
166970700
164870440
=========1kB========
237234389
246144600
244994392
243854883
238312727
=========8KB========
412825196
412825196
409600000
416101587
416101587
=========64KB========
455902608
455902608
451972413
455902608
455902608
=========256KB========
455902608
455902608
455902608
455902608
455902608
=========512KB========
433295867
433295867
433295867
433295867
429744262
=========1MB========
440578151
440578151
433295867
440578151
440578151
=========2MB========
436906666
433295867
436906666
436906666
436906666
=========3MB========
444311864
444311864
444311864
444311864
440578151
