=========100B========
34133333.333333336
33543698.016634677
34044675.32467532
34088946.6840052
33846868.9477082
=========512B========
96732103.32103321
95672992.70072992
96376470.58823529
96732103.32103321
96732103.32103321
=========1kB========
96376470.58823529
97270500.92764379
97270500.92764379
96732103.32103321
97270500.92764379
=========8KB========
159358054.7112462
160332721.7125382
158395166.163142
159843902.4390244
160824539.87730062
=========64KB========
178329251.7006803
178329251.7006803
178329251.7006803
178937883.95904437
174182059.80066445
=========256KB========
179550684.93150684
180788965.5172414
179550684.93150684
180788965.5172414
179550684.93150684
=========512KB========
178937883.95904437
178937883.95904437
180167697.5945017
178937883.95904437
179550684.93150684
=========1MB========
180788965.5172414
179550684.93150684
179550684.93150684
180167697.5945017
177724745.76271185
=========2MB========
180167697.5945017
180788965.5172414
180167697.5945017
180167697.5945017
180167697.5945017
=========3MB========
179550684.93150684
179550684.93150684
180167697.5945017
180788965.5172414
179550684.93150684

